#Dados de entrada 
param vb       := 12.66;  #kV
param SE       := 0; # nó que identifica a subestação

#Conjunto de baterias
param: BAT:	Pb_ab_min	Pb_ab_max	Pb_in_min	Pb_in_max	EoC_min	EoC_max	EoC_ini	Ef_ab	Ef_in	beta	cosB	cosI	man	:=
#			kW			kW			kW			kW			kWh		kWh		kWh						fator	$/kWh	$/kW	fator	
		1	0			100			0			100			100		1000	101		0.95	0.95	0.00016	200		105		0.015	# Li-ion NCA
;

#Conjunto de períodos
param:	T:	Fc		delt_t	cus_p	Fgd:= 
#			FatorCarga	horas	custoEnergia	FatorGeração
		1	0.159875	2		0.10			0.000000
		2	0.166575	2		0.10			0.000000
		3	0.169450	2		0.15			0.000000
		4	0.276000	2		0.20			0.114075
		5	0.786300	2		0.20			0.354175
		6	0.797150	2		0.20			0.634775
		7	0.706250	2		0.20			0.755175
		8	0.947475	2		0.23			0.690075
		9	0.954475	2		0.30			0.565750
		10	0.777000	2		0.29			0.126950
		11	0.387125	2		0.16			0.000000
		12	0.193675	2		0.10			0.000000
;

#conjunto geração distribuída
param : GD: GDbar  Smxgd	fpmgd	fpMgd := #12 16 29
#            barra	kVA		Fator de potencia mínimo e máximo
        1    9		300		1		0.95
		2    16		300		1		0.95
		3    30		300		1		0.95
;

#Conjunto de cargas em cada barra
param: N: 	Pd  Qd  AB:=
		# Nó kW kVAr
		0	0	0	0
		1	100	60  1
		2	90	40  0
		3	120	80  1
		4	60	30  0
		5	60	20  1
		6	200	100 0
		7	200	100 1
		8	60	20  0
		9	60	20  1
		10	45	30  0
		11	60	35  1
		12	60	35  0
		13	120	80  1
		14	60	10  0
		15	60	20  1
		16	60	20  0
		17	90	40  1
		18	90	40  0
		19	90	40  1
		20	90	40  0
		21	90	40  1
		22	90	50  1
		23	420	200 0
		24	420	200 1
		25	60	25  0
		26	60	25  1
		27	60	20  0
		28	120	70  1
		29	200	600 0
		30	150	70  1
		31	210	100 0
		32	60	40  1
;


#Conjunto dos parâmetros das linhas
param: L: 	R		X	Imax:=
# l  m n	ohm     ohm      A
1	0	1	0.0922	0.047	300
2	1	2	0.493	0.2511	300
3	2	3	0.366	0.1864	300
4	3	4	0.3811	0.1941	300
5	4	5	0.819	0.707	300
6	5	6	0.1872	0.6188	300
7	6	7	0.7114	0.2351	300
8	7	8	1.03	0.74	300
9	8	9	1.044	0.74	300
10	9	10	0.1966	0.065	300
11	10	11	0.3744	0.1238	300
12	11	12	1.468	1.155	300
13	12	13	0.5416	0.7129	300
14	13	14	0.591	0.526	300
15	14	15	0.7463	0.545	300
16	15	16	1.289	1.721	300
17	16	17	0.732	0.574	300
18	1	18	0.164	0.1565	300
19	18	19	1.5042	1.3554	300
20	19	20	0.4095	0.4784	300
21	20	21	0.7089	0.9373	300
22	2	22	0.4512	0.3083	300
23	22	23	0.898	0.7091	300
24	23	24	0.896	0.7011	300
25	5	25	0.203	0.1034	300
26	25	26	0.2842	0.1447	300
27	26	27	1.059	0.9337	300
28	27	28	0.8042	0.7006	300
29	28	29	0.5075	0.2585	300
30	29	30	0.9744	0.963	300
31	30	31	0.3105	0.3619	300
32	31	32	0.341	0.5302	300
;